00 00 00-00 00 00 00 00  0000  0000  0000  0000  00 00 0000  
01 00 05-05 80 00 70 00  00F8  00D8  02D8  0C28  01 01 0031  
01 01 06-03 80 01 C0 00  01F8  0118  01E8  0458  01 01 0032  
01 02 04-00 E0 01 50 00  0258  00A8  0258  0738  01 01 0033  
01 03 03-04 00 00 60 01  0078  01B8  0A38  0A28  01 01 0034  
01 04 07-00 00 03 A0 00  03A8  00F8  0978  01B8  01 01 0035  
01 05 0A-00 E0 00 90 00  0158  00E8  0B18  01D8  01 01 0036  
01 06 06-02 60 00 70 01  00D8  01C8  0258  02A8  01 01 0037  
01 07 00-00 C0 00 60 00  0148  00B8  0CE8  0928  01 01 0038  
01 08 03-09 B0 00 00 00  0138  0058  0528  0B48  01 01 0039  
02 00 03-04 50 00 20 01  00C8  0178  0A88  09E8  01 02 00B4  
02 00 12-02 10 01 10 00  0188  0058  02E8  0098  01 04 00A6  
02 00 12-01 00 00 30 00  00A8  0088  0368  0598  01 04 00A7  
02 00 11-02 00 00 F0 00  0078  0148  0968  0648  01 04 00A8  
02 00 00-00 00 00 70 00  0068  00C8  0C08  0938  01 02 00B5  
02 00 11-03 00 00 20 01  0078  0178  0B98  0608  01 04 00A9  
02 00 11-00 00 00 A0 01  0068  01F8  0D78  0BF8  01 04 00AA  
02 00 12-03 D0 00 10 00  0158  0068  0268  01F8  01 04 00AB  
02 00 11-04 00 00 80 02  0068  02F8  0F38  07E8  01 04 00AC  
02 00 00-00 00 00 40 02  0058  0298  0BF8  0B08  01 02 00B6  
02 00 05-04 20 01 50 00  01E8  00A8  03C8  0AF8  01 02 00B7  
02 00 00-00 00 03 F0 01  0388  0248  0F28  0AB8  01 02 00B8  
02 00 03-07 F0 00 00 00  0188  0038  0578  04E8  01 02 00B9  
02 00 00-00 20 02 80 02  0298  02D8  0E38  0B48  01 02 00BA  
02 00 00-00 30 00 40 01  00C8  0168  0C68  09D8  01 02 00BB  
02 00 03-01 90 02 10 01  0308  0168  08D8  0B18  01 02 00BC  
02 00 09-00 00 00 00 00  0038  0058  0428  0118  01 02 00BD  
02 00 09-00 F0 00 00 00  01A8  0058  0598  0118  01 02 00BE  
02 00 03-07 90 00 60 01  0118  01B8  0508  0668  01 02 00BF  
02 00 03-06 00 00 00 00  0068  0048  0638  0318  01 02 00C0  
02 00 03-05 30 00 00 00  00A8  0028  0A68  04D8  01 02 00C1  
02 00 0A-00 F0 00 60 00  0168  00B8  0B28  0178  01 02 00C2  
02 00 06-01 30 00 20 01  00B8  0178  00B8  0258  01 02 00C3  
02 00 06-04 00 00 00 00  0078  0058  0078  0508  01 02 00C4  
02 00 05-03 00 00 00 00  0088  0058  0178  0C18  01 02 00C5  
00 00 00-00 00 00 00 00  0000  0000  0000  0000  00 00 0000  
03 00 05-00 00 00 30 00  0028  0088  0028  0AD8  02 00 0070  
03 01 04-00 30 01 C0 01  01A8  0208  01A8  0898  02 00 0071  
03 02 09-00 00 00 88 00  0038  00D8  0428  0198  02 00 0072  
04 00 03-07 70 00 A0 00  0108  0108  04F8  0598  01 05 0089  
04 00 0B-00 60 01 90 01  01E8  0208  0E78  0698  01 04 0036  
04 00 0A-00 A0 00 40 02  00E8  0298  0AA8  0338  01 04 004D  
05 84 07-00 90 02 00 00  0308  0048  08D8  0108  01 04 0094  
05 01 03-05 80 01 B8 01  01F8  0208  0BB8  06B8  01 05 0014  
05 02 03-01 00 00 C8 00  0058  0118  0628  0AC8  01 05 008C  
05 03 03-07 00 00 58 02  0038  02A8  0428  0758  01 05 008B  
05 80 07-00 80 00 00 00  00E8  0048  06B8  0108  01 04 00C8  
06 00 03-08 70 00 E0 00  00D8  0128  04D8  09B8  01 02 009D  
06 00 03-08 38 00 20 00  00A8  0058  04A8  08E8  01 02 00FB  
06 00 03-08 F0 00 C0 01  0188  0228  0588  0AB8  01 02 00FC  
06 00 03-08 00 00 D0 01  0018  0238  0418  0AC8  01 03 003F  
07 80 03-06 C0 01 E0 00  0240  0128  0818  03F8  01 05 0005  
07 80 03-06 30 01 30 01  01B0  0188  0788  0458  01 05 0006  
07 80 03-06 48 01 E0 00  01B0  0128  0788  03F8  01 05 0004  
07 80 03-06 C0 01 48 01  0240  0188  0818  0458  01 05 0007  
07 00 03-08 28 00 98 01  00A0  01E8  0488  0A58  01 03 0098  
07 01 00-00 98 01 78 01  0210  01C8  0DA8  0A28  01 05 0087  
07 02 03-06 78 02 E8 00  02F0  0138  08C8  0408  01 05 008A  
07 03 03-01 00 03 D8 01  03A0  0228  0978  0BD8  01 03 0097  
08 00 05-02 00 00 00 00  00C8  0058  01B8  0B78  01 03 00A4  
08 00 00-00 F0 01 50 03  0218  03C8  0DB8  0C38  01 03 00A3  
08 00 04-00 00 00 10 00  0018  0058  0018  06E8  01 03 00A5  
08 00 0B-00 30 00 A8 01  0098  0208  0D28  06B8  01 03 00D0  
09 00 0A-00 00 00 00 00  0038  0028  09F8  00E8  01 05 005C  
09 01 02-00 70 00 30 01  00F0  0188  06C8  0778  01 05 000E  
19 00 04-00 00 03 00 00  0398  0038  0398  06D8  02 00 0073  
19 01 03-06 50 00 90 01  00C8  01E8  0698  04B8  02 00 0075  
19 02 0A-00 80 00 F0 02  00F8  0348  0AB8  0408  02 00 0074  
0A 00 06-00 00 00 00 00  0098  0028  0098  0028  05 02 00AF  
0A 00 0B-01 B0 01 00 00  0228  0058  0DC8  0448  06 02 00B0  
0A 00 05-01 00 00 00 00  0048  0048  0138  0A98  07 02 00B1  
0A 00 03-03 00 00 00 00  0048  0038  0A08  0AC8  08 02 00B2  
0A 00 03-00 00 00 00 00  0038  0038  0428  0BC8  09 02 00B3  
0B 00 04-00 00 00 30 00  0058  0098  0058  0728  01 03 0013  
0B 01 04-00 00 00 A0 00  0028  00E8  0028  0778  01 03 0014  
0B 02 04-00 60 00 98 02  00C8  0308  00C8  0998  01 03 0015  
0C 00 02-00 70 02 10 03  02F8  03B8  0888  0938  01 03 00D1  
0D 00 28-00 00 00 20 00  0078  0070  0618  0798  01 03 00CF  
0E 00 02-00 00 03 E0 02  0388  0338  0958  0928  01 03 00D2  
0F 00 09-00 F0 00 60 00  0188  0088  0578  0168  0A 02 0057  
10 00 02-00 00 03 A0 00  02E0  00E8  07F8  07F8  01 02 00FA  
11 00 03-05 00 00 20 03  0088  0358  0A40  0808  01 05 0076  
12 01 2F-01 00 00 D0 01  0078  01B8  0A48  0808  01 05 0076  
12 02 2F-01 00 00 20 01  0078  0118  0A48  0808  01 05 0076  
12 03 2F-01 00 00 20 01  0078  0118  0A48  0808  01 05 0076  
12 04 2F-01 00 00 90 00  0078  0088  0A48  0808  01 05 0076  
12 05 2F-01 00 00 90 00  0078  0088  0A48  0808  01 05 0076  
13 00 1A-00 C0 00 00 00  0140  0068  0000  0000  00 00 0000  
14 00 24-00 00 00 00 00  0078  0038  0E48  08C8  02 00 0024  
15 00 23-06 00 00 00 00  0078  0048  0868  0868  01 03 00D3  
16 00 21-01 00 00 00 00  0048  0038  0618  06A8  01 03 0026  
17 00 20-26 00 00 00 00  0078  0058  0CD8  0B88  01 03 00B0  
18 00 03-01 D0 01 B0 00  0248  0108  0818  0AB8  01 02 00F9  
00 00 00-00 00 00 00 00  0000  0000  0000  0000  00 00 0000  
00 00 00-00 00 00 00 00  0000  0000  0000  0000  00 00 0000  
00 00 00-00 00 00 00 00  0000  0000  0000  0000  00 00 0000  
00 00 00-00 00 00 00 00  0000  0000  0000  0000  00 00 0000  
00 00 00-00 00 00 00 00  0000  0000  0000  0000  00 00 0000  
