00 0100
01 0200
02 0100
03 0100
04 0100
05 0100
06 0100
07 0100
08 0100
09 0100
0A 0100
0B 0100
0C 0300
0D 0300
0E 0000
0F 0300
10 0200
11 0300
12 0300
13 0300
14 0300
15 0100
16 0300
17 0300
18 0300
19 0300
1A 0100
1B 0000
1C 0000
1D 0000
1E 0000
1F 0000
20 0200
21 0200
22 0200
23 0200
24 0200
25 0400
26 0400
27 0200
28 0200
29 0200
2A 0400
2B 0400
2C 0300
2D 0200
2E 0300
2F 0400
30 0200
31 0200
32 0400
33 0400
34 0400
35 0400
36 0400
37 0400
38 0200
39 0000
3A 0000
3B 0000
3C 0000
3D 0000
3E 0000
3F 0000
40 0000
41 0300
42 0300
43 0300
44 0000
45 0000
46 0000
47 0000
48 0500
49 0500
4A 0500
4B 0000
4C 0000
4D 0500
4E 0000
4F 0000
50 05C0
51 05C0
52 0000
53 0000
54 0000
55 0000
56 0000
57 05C0
58 0680
59 0680
5A 0680
5B 0000
5C 0000
5D 0000
5E 0000
5F 0680
60 0740
61 0000
62 0300
63 0000
64 0000
65 0000
66 0000
67 0740
68 0300
69 0000
6A 0000
6B 0000
6C 0000
6D 0000
6E 0000
6F 0300
70 0800
71 0800
72 0000
73 0000
74 0000
75 0000
76 0000
77 0800
78 0300
79 0000
7A 0000
7B 0000
7C 0000
7D 0000
7E 0000
7F 0300
80 0100
81 0100
82 0000
83 0000
84 0000
85 0000
86 0000
87 0300
88 08C0
89 08C0
8A 08C0
8B 08C0
8C 08C0
8D 08C0
8E 0000
8F 0300
